# x y u(x,y)

-1 -1 1.09868
-0.9375 -1 1.0743
-0.875 -1 1.04971
-0.8125 -1 1.02493
-0.75 -1 1
-0.6875 -1 0.974944
-0.625 -1 0.949802
-0.5625 -1 0.924621
-0.5 -1 0.899454
-0.4375 -1 0.874361
-0.375 -1 0.849412
-0.3125 -1 0.824679
-0.25 -1 0.800243
-0.1875 -1 0.776185
-0.125 -1 0.75259
-0.0625 -1 0.729538
0 -1 0.707107
0.0625 -1 0.685365
0.125 -1 0.664373
0.1875 -1 0.644176
0.25 -1 0.624811
0.3125 -1 0.606297
0.375 -1 0.588643
0.4375 -1 0.571846
0.5 -1 0.555893
0.5625 -1 0.540762
0.625 -1 0.526426
0.6875 -1 0.51285
0.75 -1 0.5
0.8125 -1 0.487837
0.875 -1 0.476324
0.9375 -1 0.46542
1 -1 0.45509

-1 -0.9375 1.08875
-0.9375 -0.9375 1.06373
-0.875 -0.9375 1.03848
-0.8125 -0.9375 1.01299
-0.75 -0.9375 0.987316
-0.6875 -0.9375 0.961472
-0.625 -0.9375 0.935504
-0.5625 -0.9375 0.909461
-0.5 -0.9375 0.8834
-0.4375 -0.9375 0.85739
-0.375 -0.9375 0.831507
-0.3125 -0.9375 0.805837
-0.25 -0.9375 0.780472
-0.1875 -0.9375 0.75551
-0.125 -0.9375 0.73105
-0.0625 -0.9375 0.707188
0 -0.9375 0.684015
0.0625 -0.9375 0.661613
0.125 -0.9375 0.64005
0.1875 -0.9375 0.619376
0.25 -0.9375 0.599629
0.3125 -0.9375 0.580826
0.375 -0.9375 0.562971
0.4375 -0.9375 0.546055
0.5 -0.9375 0.530055
0.5625 -0.9375 0.514942
0.625 -0.9375 0.500679
0.6875 -0.9375 0.487225
0.75 -0.9375 0.474536
0.8125 -0.9375 0.462567
0.875 -0.9375 0.451273
0.9375 -0.9375 0.440612
1 -0.9375 0.430542

-1 -0.875 1.07907
-0.9375 -0.875 1.05341
-0.875 -0.875 1.02747
-0.8125 -0.875 1.00125
-0.75 -0.875 0.974796
-0.6875 -0.875 0.948124
-0.625 -0.875 0.921281
-0.5625 -0.875 0.894317
-0.5 -0.875 0.867296
-0.4375 -0.875 0.840291
-0.375 -0.875 0.813389
-0.3125 -0.875 0.786689
-0.25 -0.875 0.760299
-0.1875 -0.875 0.734333
-0.125 -0.875 0.708911
-0.0625 -0.875 0.684148
0 -0.875 0.660154
0.0625 -0.875 0.637024
0.125 -0.875 0.614836
0.1875 -0.875 0.59365
0.25 -0.875 0.573502
0.3125 -0.875 0.554406
0.375 -0.875 0.536361
0.4375 -0.875 0.519347
0.5 -0.875 0.503331
0.5625 -0.875 0.488272
0.625 -0.875 0.474124
0.6875 -0.875 0.460835
0.75 -0.875 0.448351
0.8125 -0.875 0.43662
0.875 -0.875 0.425591
0.9375 -0.875 0.415215
1 -0.875 0.405443

-1 -0.8125 1.06969
-0.9375 -0.8125 1.04338
-0.875 -0.8125 1.01673
-0.8125 -0.8125 0.989761
-0.75 -0.8125 0.96249
-0.6875 -0.8125 0.934949
-0.625 -0.8125 0.907179
-0.5625 -0.8125 0.879232
-0.5 -0.8125 0.851175
-0.4375 -0.8125 0.823089
-0.375 -0.8125 0.795071
-0.3125 -0.8125 0.767232
-0.25 -0.8125 0.739701
-0.1875 -0.8125 0.712614
-0.125 -0.8125 0.686113
-0.0625 -0.8125 0.66034
0 -0.8125 0.635427
0.0625 -0.8125 0.611491
0.125 -0.8125 0.588622
0.1875 -0.8125 0.566887
0.25 -0.8125 0.546322
0.3125 -0.8125 0.526937
0.375 -0.8125 0.508721
0.4375 -0.8125 0.49164
0.5 -0.8125 0.475649
0.5625 -0.8125 0.460693
0.625 -0.8125 0.44671
0.6875 -0.8125 0.433638
0.75 -0.8125 0.421413
0.8125 -0.8125 0.409972
0.875 -0.8125 0.399257
0.9375 -0.8125 0.389211
1 -0.8125 0.379783

-1 -0.75 1.06066
-0.9375 -0.75 1.03368
-0.875 -0.75 1.00632
-0.8125 -0.75 0.978567
-0.75 -0.75 0.950453
-0.6875 -0.75 0.922002
-0.625 -0.75 0.893253
-0.5625 -0.75 0.864257
-0.5 -0.75 0.835083
-0.4375 -0.75 0.805819
-0.375 -0.75 0.776571
-0.3125 -0.75 0.747469
-0.25 -0.75 0.718659
-0.1875 -0.75 0.690307
-0.125 -0.75 0.662586
-0.0625 -0.75 0.635671
0 -0.75 0.609725
0.0625 -0.75 0.58489
0.125 -0.75 0.561274
0.1875 -0.75 0.538953
0.25 -0.75 0.517961
0.3125 -0.75 0.498301
0.375 -0.75 0.479944
0.4375 -0.75 0.462843
0.5 -0.75 0.446932
0.5625 -0.75 0.432139
0.625 -0.75 0.418386
0.6875 -0.75 0.405595
0.75 -0.75 0.39369
0.8125 -0.75 0.382599
0.875 -0.75 0.372253
0.9375 -0.75 0.36259
1 -0.75 0.353553

-1 -0.6875 1.05203
-0.9375 -0.6875 1.02438
-0.875 -0.6875 0.996284
-0.8125 -0.6875 0.967737
-0.75 -0.6875 0.938753
-0.6875 -0.6875 0.909354
-0.625 -0.6875 0.879573
-0.5625 -0.6875 0.84946
-0.5 -0.6875 0.819082
-0.4375 -0.6875 0.788532
-0.375 -0.6875 0.757927
-0.3125 -0.6875 0.727412
-0.25 -0.6875 0.69716
-0.1875 -0.6875 0.667369
-0.125 -0.6875 0.638255
-0.0625 -0.6875 0.610034
0 -0.6875 0.582913
0.0625 -0.6875 0.557068
0.125 -0.6875 0.532633
0.1875 -0.6875 0.509689
0.25 -0.6875 0.488269
0.3125 -0.6875 0.46836
0.375 -0.6875 0.449913
0.4375 -0.6875 0.432855
0.5 -0.6875 0.417098
0.5625 -0.6875 0.402545
0.625 -0.6875 0.3891
0.6875 -0.6875 0.376667
0.75 -0.6875 0.365155
0.8125 -0.6875 0.35448
0.875 -0.6875 0.344566
0.9375 -0.6875 0.335343
1 -0.6875 0.32675

-1 -0.625 1.04385
-0.9375 -0.625 1.01553
-0.875 -0.625 0.9867
-0.8125 -0.625 0.957344
-0.75 -0.625 0.927469
-0.6875 -0.625 0.897087
-0.625 -0.625 0.866226
-0.5625 -0.625 0.834926
-0.5 -0.625 0.803254
-0.4375 -0.625 0.771301
-0.375 -0.625 0.739193
-0.3125 -0.625 0.707091
-0.25 -0.625 0.675199
-0.1875 -0.625 0.643756
-0.125 -0.625 0.613029
-0.0625 -0.625 0.583296
0 -0.625 0.554824
0.0625 -0.625 0.527837
0.125 -0.625 0.5025
0.1875 -0.625 0.478902
0.25 -0.625 0.457067
0.3125 -0.625 0.436957
0.375 -0.625 0.418492
0.4375 -0.625 0.401566
0.5 -0.625 0.386059
0.5625 -0.625 0.371845
0.625 -0.625 0.358802
0.6875 -0.625 0.346817
0.75 -0.625 0.335781
0.8125 -0.625 0.3256
0.875 -0.625 0.316188
0.9375 -0.625 0.307467
1 -0.625 0.299372

-1 -0.5625 1.03618
-0.9375 -0.5625 1.0072
-0.875 -0.5625 0.977639
-0.8125 -0.5625 0.94747
-0.75 -0.5625 0.91669
-0.6875 -0.5625 0.885301
-0.625 -0.5625 0.853316
-0.5625 -0.5625 0.820766
-0.5 -0.5625 0.787707
-0.4375 -0.5625 0.754226
-0.375 -0.5625 0.720452
-0.3125 -0.5625 0.686562
-0.25 -0.5625 0.65279
-0.1875 -0.5625 0.619426
-0.125 -0.5625 0.586808
-0.0625 -0.5625 0.555299
0 -0.5625 0.52525
0.0625 -0.5625 0.496958
0.125 -0.5625 0.470626
0.1875 -0.5625 0.446353
0.25 -0.5625 0.424139
0.3125 -0.5625 0.403908
0.375 -0.5625 0.385532
0.4375 -0.5625 0.368859
0.5 -0.5625 0.353726
0.5625 -0.5625 0.339972
0.625 -0.5625 0.327448
0.6875 -0.5625 0.316016
0.75 -0.5625 0.305553
0.8125 -0.5625 0.295952
0.875 -0.5625 0.287117
0.9375 -0.5625 0.278967
1 -0.5625 0.271429

-1 -0.5 1.02909
-0.9375 -0.5 0.999464
-0.875 -0.5 0.969179
-0.8125 -0.5 0.938206
-0.75 -0.5 0.906522
-0.6875 -0.5 0.874111
-0.625 -0.5 0.840971
-0.5625 -0.5 0.807115
-0.5 -0.5 0.772581
-0.4375 -0.5 0.737443
-0.375 -0.5 0.701826
-0.3125 -0.5 0.665915
-0.25 -0.5 0.629973
-0.1875 -0.5 0.59435
-0.125 -0.5 0.559478
-0.0625 -0.5 0.525841
0 -0.5 0.493919
0.0625 -0.5 0.464117
0.125 -0.5 0.436694
0.1875 -0.5 0.411746
0.25 -0.5 0.389229
0.3125 -0.5 0.369003
0.375 -0.5 0.35087
0.4375 -0.5 0.334612
0.5 -0.5 0.320013
0.5625 -0.5 0.306871
0.625 -0.5 0.295002
0.6875 -0.5 0.284246
0.75 -0.5 0.274464
0.8125 -0.5 0.265537
0.875 -0.5 0.257362
0.9375 -0.5 0.249853
1 -0.5 0.242934

-1 -0.4375 1.02262
-0.9375 -0.4375 0.992385
-0.875 -0.4375 0.961409
-0.8125 -0.4375 0.929653
-0.75 -0.4375 0.897079
-0.6875 -0.4375 0.863651
-0.625 -0.4375 0.829342
-0.5625 -0.4375 0.794141
-0.5 -0.4375 0.758058
-0.4375 -0.4375 0.721141
-0.375 -0.4375 0.683494
-0.3125 -0.4375 0.645298
-0.25 -0.4375 0.606836
-0.1875 -0.4375 0.568524
-0.125 -0.4375 0.530914
-0.0625 -0.4375 0.494667
0 -0.4375 0.46047
0.0625 -0.4375 0.428898
0.125 -0.4375 0.400286
0.1875 -0.4375 0.374707
0.25 -0.4375 0.35203
0.3125 -0.4375 0.332005
0.375 -0.4375 0.314332
0.4375 -0.4375 0.298707
0.5 -0.4375 0.284845
0.5625 -0.4375 0.272495
0.625 -0.4375 0.261442
0.6875 -0.4375 0.251502
0.75 -0.4375 0.242521
0.8125 -0.4375 0.23437
0.875 -0.4375 0.226942
0.9375 -0.4375 0.220147
1 -0.4375 0.213911

-1 -0.375 1.01686
-0.9375 -0.375 0.986045
-0.875 -0.375 0.954418
-0.8125 -0.375 0.92192
-0.75 -0.375 0.888491
-0.6875 -0.375 0.854072
-0.625 -0.375 0.818607
-0.5625 -0.375 0.782049
-0.5 -0.375 0.744368
-0.4375 -0.375 0.70557
-0.375 -0.375 0.665713
-0.3125 -0.375 0.624945
-0.25 -0.375 0.58355
-0.1875 -0.375 0.541997
-0.125 -0.375 0.500986
-0.0625 -0.375 0.461442
0 -0.375 0.424395
0.0625 -0.375 0.390719
0.125 -0.375 0.360846
0.1875 -0.375 0.334765
0.25 -0.375 0.312177
0.3125 -0.375 0.292655
0.375 -0.375 0.275747
0.4375 -0.375 0.261037
0.5 -0.375 0.248163
0.5625 -0.375 0.236824
0.625 -0.375 0.22677
0.6875 -0.375 0.217799
0.75 -0.375 0.209747
0.8125 -0.375 0.20248
0.875 -0.375 0.195889
0.9375 -0.375 0.189884
1 -0.375 0.184392

-1 -0.3125 1.01185
-0.9375 -0.3125 0.980518
-0.875 -0.3125 0.948298
-0.8125 -0.3125 0.915116
-0.75 -0.3125 0.880892
-0.6875 -0.3125 0.845538
-0.625 -0.3125 0.808964
-0.5625 -0.3125 0.771079
-0.5 -0.3125 0.731797
-0.4375 -0.3125 0.691057
-0.375 -0.3125 0.648841
-0.3125 -0.3125 0.60522
-0.25 -0.3125 0.560421
-0.1875 -0.3125 0.514927
-0.125 -0.3125 0.469592
-0.0625 -0.3125 0.425721
0 -0.3125 0.384949
0.0625 -0.3125 0.348737
0.125 -0.3125 0.317613
0.1875 -0.3125 0.29133
0.25 -0.3125 0.26926
0.3125 -0.3125 0.25069
0.375 -0.3125 0.234965
0.4375 -0.3125 0.221531
0.5 -0.3125 0.209948
0.5625 -0.3125 0.199867
0.625 -0.3125 0.191014
0.6875 -0.3125 0.183177
0.75 -0.3125 0.176188
0.8125 -0.3125 0.169914
0.875 -0.3125 0.164249
0.9375 -0.3125 0.159107
1 -0.3125 0.15442

-1 -0.25 1.00766
-0.9375 -0.25 0.975879
-0.875 -0.25 0.94314
-0.8125 -0.25 0.909355
-0.75 -0.25 0.874423
-0.6875 -0.25 0.838225
-0.625 -0.25 0.800633
-0.5625 -0.25 0.761504
-0.5 -0.25 0.720685
-0.4375 -0.25 0.67802
-0.375 -0.25 0.633375
-0.3125 -0.25 0.586673
-0.25 -0.25 0.537989
-0.1875 -0.25 0.487698
-0.125 -0.25 0.436734
-0.0625 -0.25 0.386899
0 -0.25 0.340945
0.0625 -0.25 0.301667
0.125 -0.25 0.269541
0.1875 -0.25 0.243681
0.25 -0.25 0.222842
0.3125 -0.25 0.205882
0.375 -0.25 0.191889
0.4375 -0.25 0.180175
0.5 -0.25 0.170231
0.5625 -0.25 0.16168
0.625 -0.25 0.154243
0.6875 -0.25 0.147708
0.75 -0.25 0.141915
0.8125 -0.25 0.13674
0.875 -0.25 0.132086
0.9375 -0.25 0.127876
1 -0.25 0.124049

-1 -0.1875 1.00435
-0.9375 -0.1875 0.972191
-0.875 -0.1875 0.939026
-0.8125 -0.1875 0.904743
-0.75 -0.1875 0.869218
-0.6875 -0.1875 0.832306
-0.625 -0.1875 0.793839
-0.5625 -0.1875 0.75362
-0.5 -0.1875 0.711417
-0.4375 -0.1875 0.666965
-0.375 -0.1875 0.619964
-0.3125 -0.1875 0.57011
-0.25 -0.1875 0.517163
-0.1875 -0.1875 0.461141
-0.125 -0.1875 0.402747
-0.0625 -0.1875 0.344198
0 -0.1875 0.290263
0.0625 -0.1875 0.247445
0.125 -0.1875 0.215202
0.1875 -0.1875 0.191011
0.25 -0.1875 0.172546
0.3125 -0.1875 0.158107
0.375 -0.1875 0.146535
0.4375 -0.1875 0.13705
0.5 -0.1875 0.129121
0.5625 -0.1875 0.122381
0.625 -0.1875 0.116569
0.6875 -0.1875 0.111497
0.75 -0.1875 0.107024
0.8125 -0.1875 0.103044
0.875 -0.1875 0.099478
0.9375 -0.1875 0.0962611
1 -0.1875 0.0933442

-1 -0.125 1.00194
-0.9375 -0.125 0.969514
-0.875 -0.125 0.936031
-0.8125 -0.125 0.901374
-0.75 -0.125 0.8654
-0.6875 -0.125 0.827942
-0.625 -0.125 0.788798
-0.5625 -0.125 0.747719
-0.5 -0.125 0.7044
-0.4375 -0.125 0.658458
-0.375 -0.125 0.609407
-0.3125 -0.125 0.556638
-0.25 -0.125 0.499412
-0.1875 -0.125 0.436956
-0.125 -0.125 0.368915
-0.0625 -0.125 0.296881
0 -0.125 0.228466
0.0625 -0.125 0.182649
0.125 -0.125 0.15281
0.1875 -0.125 0.132615
0.25 -0.125 0.118223
0.3125 -0.125 0.107465
0.375 -0.125 0.0990942
0.4375 -0.125 0.0923677
0.5 -0.125 0.0868216
0.5625 -0.125 0.0821529
0.625 -0.125 0.0781557
0.6875 -0.125 0.0746858
0.75 -0.125 0.0716384
0.8125 -0.125 0.0689363
0.875 -0.125 0.0665207
0.9375 -0.125 0.0643466
1 -0.125 0.0623788

-1 -0.0625 1.00049
-0.9375 -0.0625 0.967889
-0.875 -0.0625 0.934209
-0.8125 -0.0625 0.89932
-0.75 -0.0625 0.863067
-0.6875 -0.0625 0.825266
-0.625 -0.0625 0.78569
-0.5625 -0.0625 0.744058
-0.5 -0.0625 0.700006
-0.4375 -0.0625 0.653059
-0.375 -0.0625 0.602569
-0.3125 -0.0625 0.547624
-0.25 -0.0625 0.48689
-0.1875 -0.0625 0.418354
-0.125 -0.0625 0.339078
-0.0625 -0.0625 0.245944
0 -0.0625 0.144071
0.0625 -0.0625 0.101873
0.125 -0.0625 0.0807744
0.1875 -0.0625 0.0684143
0.25 -0.0625 0.0602683
0.3125 -0.0625 0.0544355
0.375 -0.0625 0.0500088
0.4375 -0.0625 0.0465054
0.5 -0.0625 0.0436451
0.5625 -0.0625 0.0412533
0.625 -0.0625 0.0392153
0.6875 -0.0625 0.0374523
0.75 -0.0625 0.0359081
0.8125 -0.0625 0.0345416
0.875 -0.0625 0.0333221
0.9375 -0.0625 0.0322259
1 -0.0625 0.0312348

-1 0 1
-0.9375 0 0.967344
-0.875 0 0.933598
-0.8125 0 0.89863
-0.75 0 0.862282
-0.6875 0 0.824363
-0.625 0 0.78464
-0.5625 0 0.742816
-0.5 0 0.698508
-0.4375 0 0.651203
-0.375 0 0.600185
-0.3125 0 0.544401
-0.25 0 0.482169
-0.1875 0 0.410494
-0.125 0 0.3231
-0.0625 0 0.203747
0 0 0
0.0625 0 0
0.125 0 0
0.1875 0 0
0.25 0 0
0.3125 0 0
0.375 0 0
0.4375 0 0
0.5 0 0
0.5625 0 0
0.625 0 0
0.6875 0 0
0.75 0 0
0.8125 0 0
0.875 0 0
0.9375 0 0
1 0 0

-1 0.0625 1.00049
-0.9375 0.0625 0.967889
-0.875 0.0625 0.934209
-0.8125 0.0625 0.89932
-0.75 0.0625 0.863067
-0.6875 0.0625 0.825266
-0.625 0.0625 0.78569
-0.5625 0.0625 0.744058
-0.5 0.0625 0.700006
-0.4375 0.0625 0.653059
-0.375 0.0625 0.602569
-0.3125 0.0625 0.547624
-0.25 0.0625 0.48689
-0.1875 0.0625 0.418354
-0.125 0.0625 0.339078
-0.0625 0.0625 0.245944
0 0.0625 0.144071
0.0625 0.0625 0.101873
0.125 0.0625 0.0807744
0.1875 0.0625 0.0684143
0.25 0.0625 0.0602683
0.3125 0.0625 0.0544355
0.375 0.0625 0.0500088
0.4375 0.0625 0.0465054
0.5 0.0625 0.0436451
0.5625 0.0625 0.0412533
0.625 0.0625 0.0392153
0.6875 0.0625 0.0374523
0.75 0.0625 0.0359081
0.8125 0.0625 0.0345416
0.875 0.0625 0.0333221
0.9375 0.0625 0.0322259
1 0.0625 0.0312348

-1 0.125 1.00194
-0.9375 0.125 0.969514
-0.875 0.125 0.936031
-0.8125 0.125 0.901374
-0.75 0.125 0.8654
-0.6875 0.125 0.827942
-0.625 0.125 0.788798
-0.5625 0.125 0.747719
-0.5 0.125 0.7044
-0.4375 0.125 0.658458
-0.375 0.125 0.609407
-0.3125 0.125 0.556638
-0.25 0.125 0.499412
-0.1875 0.125 0.436956
-0.125 0.125 0.368915
-0.0625 0.125 0.296881
0 0.125 0.228466
0.0625 0.125 0.182649
0.125 0.125 0.15281
0.1875 0.125 0.132615
0.25 0.125 0.118223
0.3125 0.125 0.107465
0.375 0.125 0.0990942
0.4375 0.125 0.0923677
0.5 0.125 0.0868216
0.5625 0.125 0.0821529
0.625 0.125 0.0781557
0.6875 0.125 0.0746858
0.75 0.125 0.0716384
0.8125 0.125 0.0689363
0.875 0.125 0.0665207
0.9375 0.125 0.0643466
1 0.125 0.0623788

-1 0.1875 1.00435
-0.9375 0.1875 0.972191
-0.875 0.1875 0.939026
-0.8125 0.1875 0.904743
-0.75 0.1875 0.869218
-0.6875 0.1875 0.832306
-0.625 0.1875 0.793839
-0.5625 0.1875 0.75362
-0.5 0.1875 0.711417
-0.4375 0.1875 0.666965
-0.375 0.1875 0.619964
-0.3125 0.1875 0.57011
-0.25 0.1875 0.517163
-0.1875 0.1875 0.461141
-0.125 0.1875 0.402747
-0.0625 0.1875 0.344198
0 0.1875 0.290263
0.0625 0.1875 0.247445
0.125 0.1875 0.215202
0.1875 0.1875 0.191011
0.25 0.1875 0.172546
0.3125 0.1875 0.158107
0.375 0.1875 0.146535
0.4375 0.1875 0.13705
0.5 0.1875 0.129121
0.5625 0.1875 0.122381
0.625 0.1875 0.116569
0.6875 0.1875 0.111497
0.75 0.1875 0.107024
0.8125 0.1875 0.103044
0.875 0.1875 0.099478
0.9375 0.1875 0.0962611
1 0.1875 0.0933442

-1 0.25 1.00766
-0.9375 0.25 0.975879
-0.875 0.25 0.94314
-0.8125 0.25 0.909355
-0.75 0.25 0.874423
-0.6875 0.25 0.838225
-0.625 0.25 0.800633
-0.5625 0.25 0.761504
-0.5 0.25 0.720685
-0.4375 0.25 0.67802
-0.375 0.25 0.633375
-0.3125 0.25 0.586673
-0.25 0.25 0.537989
-0.1875 0.25 0.487698
-0.125 0.25 0.436734
-0.0625 0.25 0.386899
0 0.25 0.340945
0.0625 0.25 0.301667
0.125 0.25 0.269541
0.1875 0.25 0.243681
0.25 0.25 0.222842
0.3125 0.25 0.205882
0.375 0.25 0.191889
0.4375 0.25 0.180175
0.5 0.25 0.170231
0.5625 0.25 0.16168
0.625 0.25 0.154243
0.6875 0.25 0.147708
0.75 0.25 0.141915
0.8125 0.25 0.13674
0.875 0.25 0.132086
0.9375 0.25 0.127876
1 0.25 0.124049

-1 0.3125 1.01185
-0.9375 0.3125 0.980518
-0.875 0.3125 0.948298
-0.8125 0.3125 0.915116
-0.75 0.3125 0.880892
-0.6875 0.3125 0.845538
-0.625 0.3125 0.808964
-0.5625 0.3125 0.771079
-0.5 0.3125 0.731797
-0.4375 0.3125 0.691057
-0.375 0.3125 0.648841
-0.3125 0.3125 0.60522
-0.25 0.3125 0.560421
-0.1875 0.3125 0.514927
-0.125 0.3125 0.469592
-0.0625 0.3125 0.425721
0 0.3125 0.384949
0.0625 0.3125 0.348737
0.125 0.3125 0.317613
0.1875 0.3125 0.29133
0.25 0.3125 0.26926
0.3125 0.3125 0.25069
0.375 0.3125 0.234965
0.4375 0.3125 0.221531
0.5 0.3125 0.209948
0.5625 0.3125 0.199867
0.625 0.3125 0.191014
0.6875 0.3125 0.183177
0.75 0.3125 0.176188
0.8125 0.3125 0.169914
0.875 0.3125 0.164249
0.9375 0.3125 0.159107
1 0.3125 0.15442

-1 0.375 1.01686
-0.9375 0.375 0.986045
-0.875 0.375 0.954418
-0.8125 0.375 0.92192
-0.75 0.375 0.888491
-0.6875 0.375 0.854072
-0.625 0.375 0.818607
-0.5625 0.375 0.782049
-0.5 0.375 0.744368
-0.4375 0.375 0.70557
-0.375 0.375 0.665713
-0.3125 0.375 0.624945
-0.25 0.375 0.58355
-0.1875 0.375 0.541997
-0.125 0.375 0.500986
-0.0625 0.375 0.461442
0 0.375 0.424395
0.0625 0.375 0.390719
0.125 0.375 0.360846
0.1875 0.375 0.334765
0.25 0.375 0.312177
0.3125 0.375 0.292655
0.375 0.375 0.275747
0.4375 0.375 0.261037
0.5 0.375 0.248163
0.5625 0.375 0.236824
0.625 0.375 0.22677
0.6875 0.375 0.217799
0.75 0.375 0.209747
0.8125 0.375 0.20248
0.875 0.375 0.195889
0.9375 0.375 0.189884
1 0.375 0.184392

-1 0.4375 1.02262
-0.9375 0.4375 0.992385
-0.875 0.4375 0.961409
-0.8125 0.4375 0.929653
-0.75 0.4375 0.897079
-0.6875 0.4375 0.863651
-0.625 0.4375 0.829342
-0.5625 0.4375 0.794141
-0.5 0.4375 0.758058
-0.4375 0.4375 0.721141
-0.375 0.4375 0.683494
-0.3125 0.4375 0.645298
-0.25 0.4375 0.606836
-0.1875 0.4375 0.568524
-0.125 0.4375 0.530914
-0.0625 0.4375 0.494667
0 0.4375 0.46047
0.0625 0.4375 0.428898
0.125 0.4375 0.400286
0.1875 0.4375 0.374707
0.25 0.4375 0.35203
0.3125 0.4375 0.332005
0.375 0.4375 0.314332
0.4375 0.4375 0.298707
0.5 0.4375 0.284845
0.5625 0.4375 0.272495
0.625 0.4375 0.261442
0.6875 0.4375 0.251502
0.75 0.4375 0.242521
0.8125 0.4375 0.23437
0.875 0.4375 0.226942
0.9375 0.4375 0.220147
1 0.4375 0.213911

-1 0.5 1.02909
-0.9375 0.5 0.999464
-0.875 0.5 0.969179
-0.8125 0.5 0.938206
-0.75 0.5 0.906522
-0.6875 0.5 0.874111
-0.625 0.5 0.840971
-0.5625 0.5 0.807115
-0.5 0.5 0.772581
-0.4375 0.5 0.737443
-0.375 0.5 0.701826
-0.3125 0.5 0.665915
-0.25 0.5 0.629973
-0.1875 0.5 0.59435
-0.125 0.5 0.559478
-0.0625 0.5 0.525841
0 0.5 0.493919
0.0625 0.5 0.464117
0.125 0.5 0.436694
0.1875 0.5 0.411746
0.25 0.5 0.389229
0.3125 0.5 0.369003
0.375 0.5 0.35087
0.4375 0.5 0.334612
0.5 0.5 0.320013
0.5625 0.5 0.306871
0.625 0.5 0.295002
0.6875 0.5 0.284246
0.75 0.5 0.274464
0.8125 0.5 0.265537
0.875 0.5 0.257362
0.9375 0.5 0.249853
1 0.5 0.242934

-1 0.5625 1.03618
-0.9375 0.5625 1.0072
-0.875 0.5625 0.977639
-0.8125 0.5625 0.94747
-0.75 0.5625 0.91669
-0.6875 0.5625 0.885301
-0.625 0.5625 0.853316
-0.5625 0.5625 0.820766
-0.5 0.5625 0.787707
-0.4375 0.5625 0.754226
-0.375 0.5625 0.720452
-0.3125 0.5625 0.686562
-0.25 0.5625 0.65279
-0.1875 0.5625 0.619426
-0.125 0.5625 0.586808
-0.0625 0.5625 0.555299
0 0.5625 0.52525
0.0625 0.5625 0.496958
0.125 0.5625 0.470626
0.1875 0.5625 0.446353
0.25 0.5625 0.424139
0.3125 0.5625 0.403908
0.375 0.5625 0.385532
0.4375 0.5625 0.368859
0.5 0.5625 0.353726
0.5625 0.5625 0.339972
0.625 0.5625 0.327448
0.6875 0.5625 0.316016
0.75 0.5625 0.305553
0.8125 0.5625 0.295952
0.875 0.5625 0.287117
0.9375 0.5625 0.278967
1 0.5625 0.271429

-1 0.625 1.04385
-0.9375 0.625 1.01553
-0.875 0.625 0.9867
-0.8125 0.625 0.957344
-0.75 0.625 0.927469
-0.6875 0.625 0.897087
-0.625 0.625 0.866226
-0.5625 0.625 0.834926
-0.5 0.625 0.803254
-0.4375 0.625 0.771301
-0.375 0.625 0.739193
-0.3125 0.625 0.707091
-0.25 0.625 0.675199
-0.1875 0.625 0.643756
-0.125 0.625 0.613029
-0.0625 0.625 0.583296
0 0.625 0.554824
0.0625 0.625 0.527837
0.125 0.625 0.5025
0.1875 0.625 0.478902
0.25 0.625 0.457067
0.3125 0.625 0.436957
0.375 0.625 0.418492
0.4375 0.625 0.401566
0.5 0.625 0.386059
0.5625 0.625 0.371845
0.625 0.625 0.358802
0.6875 0.625 0.346817
0.75 0.625 0.335781
0.8125 0.625 0.3256
0.875 0.625 0.316188
0.9375 0.625 0.307467
1 0.625 0.299372

-1 0.6875 1.05203
-0.9375 0.6875 1.02438
-0.875 0.6875 0.996284
-0.8125 0.6875 0.967737
-0.75 0.6875 0.938753
-0.6875 0.6875 0.909354
-0.625 0.6875 0.879573
-0.5625 0.6875 0.84946
-0.5 0.6875 0.819082
-0.4375 0.6875 0.788532
-0.375 0.6875 0.757927
-0.3125 0.6875 0.727412
-0.25 0.6875 0.69716
-0.1875 0.6875 0.667369
-0.125 0.6875 0.638255
-0.0625 0.6875 0.610034
0 0.6875 0.582913
0.0625 0.6875 0.557068
0.125 0.6875 0.532633
0.1875 0.6875 0.509689
0.25 0.6875 0.488269
0.3125 0.6875 0.46836
0.375 0.6875 0.449913
0.4375 0.6875 0.432855
0.5 0.6875 0.417098
0.5625 0.6875 0.402545
0.625 0.6875 0.3891
0.6875 0.6875 0.376667
0.75 0.6875 0.365155
0.8125 0.6875 0.35448
0.875 0.6875 0.344566
0.9375 0.6875 0.335343
1 0.6875 0.32675

-1 0.75 1.06066
-0.9375 0.75 1.03368
-0.875 0.75 1.00632
-0.8125 0.75 0.978567
-0.75 0.75 0.950453
-0.6875 0.75 0.922002
-0.625 0.75 0.893253
-0.5625 0.75 0.864257
-0.5 0.75 0.835083
-0.4375 0.75 0.805819
-0.375 0.75 0.776571
-0.3125 0.75 0.747469
-0.25 0.75 0.718659
-0.1875 0.75 0.690307
-0.125 0.75 0.662586
-0.0625 0.75 0.635671
0 0.75 0.609725
0.0625 0.75 0.58489
0.125 0.75 0.561274
0.1875 0.75 0.538953
0.25 0.75 0.517961
0.3125 0.75 0.498301
0.375 0.75 0.479944
0.4375 0.75 0.462843
0.5 0.75 0.446932
0.5625 0.75 0.432139
0.625 0.75 0.418386
0.6875 0.75 0.405595
0.75 0.75 0.39369
0.8125 0.75 0.382599
0.875 0.75 0.372253
0.9375 0.75 0.36259
1 0.75 0.353553

-1 0.8125 1.06969
-0.9375 0.8125 1.04338
-0.875 0.8125 1.01673
-0.8125 0.8125 0.989761
-0.75 0.8125 0.96249
-0.6875 0.8125 0.934949
-0.625 0.8125 0.907179
-0.5625 0.8125 0.879232
-0.5 0.8125 0.851175
-0.4375 0.8125 0.823089
-0.375 0.8125 0.795071
-0.3125 0.8125 0.767232
-0.25 0.8125 0.739701
-0.1875 0.8125 0.712614
-0.125 0.8125 0.686113
-0.0625 0.8125 0.66034
0 0.8125 0.635427
0.0625 0.8125 0.611491
0.125 0.8125 0.588622
0.1875 0.8125 0.566887
0.25 0.8125 0.546322
0.3125 0.8125 0.526937
0.375 0.8125 0.508721
0.4375 0.8125 0.49164
0.5 0.8125 0.475649
0.5625 0.8125 0.460693
0.625 0.8125 0.44671
0.6875 0.8125 0.433638
0.75 0.8125 0.421413
0.8125 0.8125 0.409972
0.875 0.8125 0.399257
0.9375 0.8125 0.389211
1 0.8125 0.379783

-1 0.875 1.07907
-0.9375 0.875 1.05341
-0.875 0.875 1.02747
-0.8125 0.875 1.00125
-0.75 0.875 0.974796
-0.6875 0.875 0.948124
-0.625 0.875 0.921281
-0.5625 0.875 0.894317
-0.5 0.875 0.867296
-0.4375 0.875 0.840291
-0.375 0.875 0.813389
-0.3125 0.875 0.786689
-0.25 0.875 0.760299
-0.1875 0.875 0.734333
-0.125 0.875 0.708911
-0.0625 0.875 0.684148
0 0.875 0.660154
0.0625 0.875 0.637024
0.125 0.875 0.614836
0.1875 0.875 0.59365
0.25 0.875 0.573502
0.3125 0.875 0.554406
0.375 0.875 0.536361
0.4375 0.875 0.519347
0.5 0.875 0.503331
0.5625 0.875 0.488272
0.625 0.875 0.474124
0.6875 0.875 0.460835
0.75 0.875 0.448351
0.8125 0.875 0.43662
0.875 0.875 0.425591
0.9375 0.875 0.415215
1 0.875 0.405443

-1 0.9375 1.08875
-0.9375 0.9375 1.06373
-0.875 0.9375 1.03848
-0.8125 0.9375 1.01299
-0.75 0.9375 0.987316
-0.6875 0.9375 0.961472
-0.625 0.9375 0.935504
-0.5625 0.9375 0.909461
-0.5 0.9375 0.8834
-0.4375 0.9375 0.85739
-0.375 0.9375 0.831507
-0.3125 0.9375 0.805837
-0.25 0.9375 0.780472
-0.1875 0.9375 0.75551
-0.125 0.9375 0.73105
-0.0625 0.9375 0.707188
0 0.9375 0.684015
0.0625 0.9375 0.661613
0.125 0.9375 0.64005
0.1875 0.9375 0.619376
0.25 0.9375 0.599629
0.3125 0.9375 0.580826
0.375 0.9375 0.562971
0.4375 0.9375 0.546055
0.5 0.9375 0.530055
0.5625 0.9375 0.514942
0.625 0.9375 0.500679
0.6875 0.9375 0.487225
0.75 0.9375 0.474536
0.8125 0.9375 0.462567
0.875 0.9375 0.451273
0.9375 0.9375 0.440612
1 0.9375 0.430542

-1 1 1.09868
-0.9375 1 1.0743
-0.875 1 1.04971
-0.8125 1 1.02493
-0.75 1 1
-0.6875 1 0.974944
-0.625 1 0.949802
-0.5625 1 0.924621
-0.5 1 0.899454
-0.4375 1 0.874361
-0.375 1 0.849412
-0.3125 1 0.824679
-0.25 1 0.800243
-0.1875 1 0.776185
-0.125 1 0.75259
-0.0625 1 0.729538
0 1 0.707107
0.0625 1 0.685365
0.125 1 0.664373
0.1875 1 0.644176
0.25 1 0.624811
0.3125 1 0.606297
0.375 1 0.588643
0.4375 1 0.571846
0.5 1 0.555893
0.5625 1 0.540762
0.625 1 0.526426
0.6875 1 0.51285
0.75 1 0.5
0.8125 1 0.487837
0.875 1 0.476324
0.9375 1 0.46542
1 1 0.45509

